re = 100.000000
omg = 1.700000
alpha = 0.900000
dt = 0.0005
tend = 10.0000
iter = 500
eps = 0.001000
tau = 0.500000
imax = 100
jmax = 20
dt_value = 0.001
T_c = 0.0
T_h = 0.0
pr = -1.0
gx = 0.0
gy = 0.0
beta = 0.00021
