re = 10000.000000
omg = 1.700000
alpha = 0.500000
dt = 0.00000
tend = 2000.000000
iter = 1000
eps = 0.00001000
tau = 0.500000
imax = 100
jmax = 100
dt_value = 10.0
T_c = -0.5
T_h = 0.5
pr = 7.0
gx = 0.0
gy = -9.81
beta = 0.00063
